[Informacije]
Lozinka = dzogej01.
Pol = 1
Godine = 20
Novac = 816604
UneoDrzavu = 1
Level = 20
Respekt = 66
Poboljsanja = 0
PayDay = 6
Admin = 7
Skin = 305
Spawn = 2
Lider = 0
Clan = 0
Rank = 0
VoziloID1 = 137
VoziloID2 = 144
VoziloID3 = 145
VoziloID4 = -1
Materijali = 0
FirmaID = 24
Posao = 11
Ugovor = 4
MehSkill = 0
MDelovi = 0
Head = 0
HeadPos1 = 0.000000
HeadPos2 = 0.000000
HeadPos3 = 0.000000
HeadPos4 = 0.000000
HeadPos5 = 0.000000
HeadPos6 = 0.000000
HeadPos7 = 0.000000
HeadPos8 = 0.000000
HeadPos9 = 0.000000
Face = 0
FacePos1 = 0.000000
FacePos2 = 0.000000
FacePos3 = 0.000000
FacePos4 = 0.000000
FacePos5 = 0.000000
FacePos6 = 0.000000
FacePos7 = 0.000000
FacePos8 = 0.000000
FacePos9 = 0.000000
SungMask = 0
SungMaskPos1 = 0.000000
SungMaskPos2 = 0.000000
SungMaskPos3 = 0.000000
SungMaskPos4 = 0.000000
SungMaskPos5 = 0.000000
SungMaskPos6 = 0.000000
SungMaskPos7 = 0.000000
SungMaskPos8 = 0.000000
SungMaskPos9 = 0.000000
Cigare = 0
Upaljac = 0
BStil = 2
Registrovan = 1
SHealth = 0.000000
BrojTelefona = 61856705
Vozacka = 1
Motorska = 1
KamionskaC1 = 1
KamionskaC2 = 1
KamionskaC3 = 1
Brodska = 1
Letelica = 1
Ubijen = 0
Drug1 = 0
Drug2 = 0
Drug3 = 0
Drug4 = 0
Drug5 = 0
DrugCode1 = 0
DrugCode2 = 0
DrugCode3 = 0
DrugCode4 = 0
DrugCode5 = 0
Solna = 0
Pseudo = 0
SodaB = 0
CrveniF = 0
LysAcid = 0
DesVoda = 0
Marihuana = 0
Opium = 0
Kalcijum = 0
AmonijumHlorid = 0
Kokain = 0
Kokain2 = 0
MetilAmin = 0
HeroinAddict = false
HeroinUsed = 0
HeroinIndicator = 0
CokeCrackAddict = false
CokeCrackUsed = 0
CokeCrackIndicator = 0
MethAddict = false
MethIndicator = 0
MethUsed = 0
Inekcija = true
Toolkit = true
Property1 = 653
Property2 = -1
Property3 = -1
GunLicense = true
TelefonBon = 2488
ModelTelefona = 18866
Snaga = 0
Zatvor = 0
ZatvorVreme = 0
Wanted = 0
Uhapsen = 0
ASlot = 0
Maraton = 0
HSlot = 0
PDUhapsio = 1
PDStatsTicket = 0
PDStatsTicketMoney = 0
TakenWeps = 0
TakenDrugs = 0
PocetniTut = 1
AKod = 1
Sat = 19043
MaskID = 0
BRacun = 8032677
PreostaloZaOtplatu = 0
IznosRate = 0
IznosKredita = 0
OnlineSati = 22
Helper = 0
RPLearn = 0
Warn = 0
Mute = 0
Akcenat = 0
Marker1 = 1469.904418
Marker2 = -1264.270019
Marker3 = 14.562538
BrojNews = 0
OrgUgovor = 0
GpsLevel = 3
Helmet = 18977
BanDays = 0
BanMonths = 0
BanYear = 0
GradRank = 0
SkriptaRank = 0
UlazBL = 0
Boombox = true
HelmetPos1 = 0.070000
HelmetPos2 = 0.017000
HelmetPos3 = 0.000000
HelmetPos4 = 88.000000
HelmetPos5 = 77.000000
HelmetPos6 = 0.000000
HelmetPos7 = 1.000000
HelmetPos8 = 1.000000
HelmetPos9 = 1.000000
Drzava = 1
Email = blabla@gmail.com
VIPLevel = 0
HitmenCena = 0
Objekt1 = -1
Objekt2 = -1
Objekt3 = -1
Objekt4 = -1
Objekt5 = -1
Objekt6 = -1
Objekt7 = -1
Objekt8 = -1
Objekt9 = -1
Objekt10 = -1
LesLimit = 0
KazneniUgovor = 0
OffPJail = N
OffPPrison = 
OffPMute = 
StaffMin = 1323
LastLogin = 18/08/2019 - 2/15/47
Married = false
MarriedTo = Niko
TogMob = false
HotelID = -1
HotelRoom = -1
Promoter = 0
YouTuber = 1
ImanjeID = 0
Breskva = 0
Jabuke = 0
Sljive = 0
SjemeBreskva = 1
SjemeJabuka = 2
SjemeSljiva = 2
LottoNumber = 0
LottoMoney = 0
GarageID = 32
ImaBRacun = true
PlatniRacun = 0
DonatorSlot = true
PljackaVreme = 0
LeaveJail = false
BailPrice = 0
HangarTime = 0
Event1Mesto = 0
Event2Mesto = 0
Event3Mesto = 0
DMEventUbistva = 0
RentID = -1
Zlato = 110000
Nakit = 2
Tasna = 1
RezervniKljucevi = -1
RadarBodovi = 0
DBO = true
DBoja = 2
RPPoen = 0
OPoeniPod = 9
OPoeni = 0
ZauzimanjeVreme = 0
Poklon = 0
Paketic = false
KljucKapije = Niko
LicnaKarta = 1
Muzika = 0
Svercer = 0
PokosenoTraveKG = 0
Iznajmio_Bilbord_ID = 0
