[Informacije]
Kupljen = 1
Cena = 550000
Vlasnik = Nexus
Tip = 16
Zakljucana = 0
Novac = 4169
UlazX = 1473.198852
UlazY = -1263.268432
UlazZ = 14.562538
IzasaoX = 1149.086059
IzasaoY = -1912.638916
IzasaoZ = -40.610698
Int = 0
VW = 0
Uinterioru = 18
Uvw = 1
Ime = Electronic Shop
Level = 5
JobID = 0
Neaktivnost = 0
Reket = -1
ReketTime = 0.000000
