iImaVlasnika = 1
iVlasnik = Nexus
iImanjeX = 266.928680
iImanjeY = -1175.974975
iImanjeZ = 79.615524
iLevel = 10
iCena = 100000
iNeakt = 1
iPostavljeno = 1
iRadius = 50
